620
197
818
103
951
906
963
574
986
838
159
968
324
4
510
213
22
37
238
115
306
540
742
368
270
489
506
543
917
562
414
760
247
151
439
123
195
396
550
925
730
141
422
396
949
677
344
760
289
975
428
779
546
168
923
842
78
677
483
244
852
457
515
91
949
274
608
792
513
269
935
124
197
942
939
20
252
741
569
500
19
317
634
480
873
7
362
271
231
599
111
513
756
965
595
714
525
590
213
103
819
908
85
81
149
227
647
224
664
789
298
217
747
273
498
723
664
584
274
270
608
344
694
165
910
668
559
966
87
955
648
72
256
448
394
580
585
579
683
951
313
398
299
102
394
114
162
803
758
570
460
328
402
992
503
505
289
600
503
127
60
290
272
738
593
939
372
582
354
182
220
937
256
590
924
452
655
176
507
41
155
391
72
108
579
64
84
628
261
239
339
580
179
649
484
933
293
412
116
919
847
52
173
639
476
839
181
43
2
395
380
244
784
686
454
915
957
838
947
423
659
587
867
654
189
850
885
514
284
579
609
366
768
37
421
73
653
600
662
218
524
75
903
549
35
311
230
924
360
196
109
266
10
322
6
12
680
843
347
593
119
672
189
803
597
49
347
510
859
776
846
265
315
48
698
811
927
802
448
488
226
152
89
92
466
38
261
799
558
182
942
537
580
67
846
520
663
136
72
15
631
721
798
345
17
282
823
215
937
911
507
367
237
484
377
326
180
614
792
726
502
713
13
811
846
660
390
210
69
642
988
676
665
770
6
562
886
809
139
897
243
374
928
424
152
103
964
183
391
610
879
218
505
654
410
62
786
259
283
980
232
511
455
836
583
475
6
355
417
493
481
856
412
375
815
467
812
984
577
672
875
34
618
571
102
516
715
35
434
656
342
804
878
519
801
863
475
68
757
109
954
31
880
277
940
315
464
178
64
705
449
288
496
110
296
952
677
947
713
426
53
627
734
66
514
275
393
150
52
765
573
615
617
485
943
671
556
808
450
410
372
441
548
88
351
46
483
473
623
659
996
794
531
93
517
559
721
985
569
649
27
230
348
234
607
216
712
575
379
151
775
358
673
664
577
79
463
730
705
120
411
427
587
883
453
260
865
483
397
691
399
263
966
111
171
342
899
185
729
12
690
625
789
460
518
446
746
902
249
34
539
50
289
630
552
766
98
250
539
141
213
495
460
761
903
504
642
114
781
718
42
567
463
492
197
956
771
227
997
381
355
279
448
530
353
9
153
771
906
165
491
782
689
871
831
326
566
186
88
671
390
905
669
312
908
930
127
31
304
743
11
899
824
999
18
998
476
605
695
249
246
559
185
525
353
121
562
775
842
451
119
772
101
505
129
878
321
97
986
277
70
562
972
865
621
179
719
302
841
58
682
577
949
198
44
667
46
847
435
876
547
740
997
354
138
573
213
153
996
139
608
925
332
389
800
942
180
788
840
163
944
840
890
155
471
300
310
375
456
784
507
188
425
782
107
920
502
231
682
282
623
879
175
847
898
454
151
587
324
240
325
709
58
256
294
406
501
64
109
226
277
964
570
296
917
216
953
223
271
966
496
737
585
357
760
325
121
126
184
511
341
169
6
243
534
976
680
546
886
138
154
668
287
555
384
575
390
361
623
350
72
98
191
942
963
828
19
741
432
838
796
987
912
421
763
174
37
201
262
512
634
386
349
860
37
253
981
889
604
595
628
798
838
779
734
879
228
998
496
727
807
316
387
775
411
758
899
85
5
268
529
336
449
888
109
67
928
890
360
664
551
901
761
239
51
993
598
327
548
322
854
948
767
194
325
658
913
995
303
433
728
343
936
1
500
404
812
192
367
826
26
810
384
550
542
448
734
556
528
316
19
168
343
315
143
166
481
444
647
556
287
385
733
892
981
820
810
446
416
548
610
93
219
31
647
728
3
146
992
884
698
366
434
657
633
309
79
226
233
735
543
153
443
678
165
514
358
592
404
206
466
622
689
947
683
824
650
602
136
156
471
226
324
95
512
819
213
122
264
269
691
152
456
410
555
992
943
105
501
910
697
92
930
775
949
852
666
173
27
788
213
479
365
660
360
68
366
439
459
49
697
719
936
578
635
471
222
646
299
928
112
158
33
264
592
6
277
497
847
853
945
654
929
522
714
331
260
416
570
749
866
331
690
600
320
915
791
856
470
600
778
545
399
439
684
27
659
724
641
472
484
664
661
712
101
334
28
520
914
56
398
430
51
543
331
304
699
859
332
605
369
992
699
651
4
417
155
203
156
745
