1
1
7
8
9
12
12
12
12
13
13
14
14
15
15
16
17
17
18
19
19
20
20
21
21
21
23
23
24
26
29
29
29
32
32
35
36
37
37
37
38
38
39
39
42
43
43
44
45
45
46
48
49
49
52
54
55
59
59
59
61
61
61
65
65
65
66
67
67
67
67
68
68
72
72
72
73
73
73
74
76
78
78
78
79
80
80
80
80
80
81
84
85
85
87
88
89
89
93
95
95
95
98
100
101
101
103
104
104
105
105
105
106
109
109
110
110
111
111
111
112
114
114
118
118
120
121
122
122
123
123
124
124
125
125
127
128
128
129
130
130
133
133
133
134
134
134
134
134
138
138
139
139
141
143
143
143
144
144
145
145
145
150
150
152
153
154
154
154
156
157
157
158
159
160
161
162
162
164
164
164
166
168
170
171
171
171
173
173
175
176
178
180
183
185
186
187
188
192
193
196
197
197
199
199
200
200
200
202
202
202
202
203
203
204
206
207
211
211
212
213
213
213
214
214
215
215
216
216
218
219
220
220
221
222
223
224
224
224
229
231
233
233
236
237
237
239
239
240
243
243
245
245
245
247
247
250
251
251
252
252
253
253
254
254
255
257
258
260
262
263
265
267
267
267
268
272
274
274
276
279
279
280
281
281
284
285
286
287
289
290
292
293
293
294
294
295
295
296
297
297
299
299
299
299
300
300
301
301
301
302
302
303
304
304
307
309
310
310
311
311
311
312
313
313
314
314
315
316
316
319
320
320
321
327
328
332
333
333
334
335
336
336
336
337
337
338
339
341
341
342
346
346
348
348
349
351
351
353
353
354
355
357
359
360
360
360
360
361
361
366
367
368
369
370
370
370
370
378
381
385
385
388
389
389
390
393
395
395
397
398
399
399
399
399
400
400
400
402
403
403
407
410
411
411
413
413
416
417
417
418
420
421
421
421
424
424
424
425
425
425
427
428
428
428
428
429
430
430
431
432
433
436
436
439
441
442
442
447
448
449
449
450
450
451
451
451
452
453
455
459
460
460
460
461
461
461
466
466
467
468
470
470
471
472
472
473
473
474
477
478
478
478
479
479
482
483
485
485
486
487
488
488
488
489
489
491
491
491
492
492
494
495
496
497
500
500
502
502
506
507
507
509
510
511
511
512
512
514
514
515
517
518
522
523
524
524
524
524
525
526
526
529
529
529
532
532
532
533
537
537
538
538
539
539
541
541
542
543
545
545
547
548
548
548
548
548
549
549
550
550
551
551
551
551
553
554
557
558
559
560
560
561
563
563
563
564
564
564
565
565
565
566
566
571
571
573
574
576
577
577
577
579
581
581
583
585
587
588
588
588
589
589
591
592
594
596
597
599
599
600
600
601
601
605
605
606
606
609
609
609
609
610
612
615
616
616
617
621
623
623
624
625
626
626
628
628
629
630
632
637
638
638
640
641
644
646
648
648
649
649
650
650
650
652
654
654
654
654
655
656
656
658
659
659
661
662
662
662
662
663
664
665
665
667
668
669
670
672
672
678
678
679
679
679
679
681
682
683
690
690
690
691
691
691
692
693
694
695
696
696
696
697
699
700
701
703
703
704
707
707
708
710
711
711
712
714
714
715
716
716
717
717
717
718
718
720
722
723
723
724
726
726
728
730
731
731
732
732
733
734
735
735
735
735
736
737
738
740
742
744
744
744
749
749
750
752
754
755
755
756
756
757
758
759
759
759
760
760
761
761
762
762
764
764
765
771
773
773
773
773
775
776
777
777
783
785
785
787
788
788
789
792
792
794
794
796
796
796
800
802
804
807
808
808
808
809
810
813
815
816
816
817
818
818
819
819
820
820
820
821
821
827
827
827
828
829
830
831
832
832
833
834
835
837
837
838
838
840
841
841
842
843
843
845
845
845
849
849
850
850
852
852
853
853
858
858
859
859
860
861
864
865
867
867
869
870
870
870
870
871
872
873
874
874
874
876
878
878
879
879
879
880
881
883
883
884
884
884
886
886
889
889
891
892
895
896
897
899
900
901
901
902
903
904
904
905
906
906
907
907
908
910
910
910
911
912
912
913
916
917
917
918
918
918
918
919
920
920
921
921
921
921
921
922
923
923
931
932
933
935
937
938
941
942
943
944
944
946
948
949
949
949
950
951
951
952
953
954
955
958
958
958
959
959
960
960
960
961
962
964
965
965
965
966
966
967
968
969
969
970
971
971
971
973
974
974
976
977
980
981
981
982
982
982
983
984
985
985
986
986
987
988
988
993
995
998
998
998
999
