796
735
962
23
937
881
290
690
776
919
884
245
479
114
395
188
794
95
987
158
717
594
170
841
336
759
550
410
360
300
879
648
563
467
301
682
732
319
397
485
497
229
785
626
105
910
38
168
665
385
730
134
601
342
549
220
19
960
591
922
563
691
827
216
389
966
738
224
579
722
251
585
206
253
417
502
808
488
213
910
80
159
134
933
965
402
879
547
470
95
880
548
1
187
279
728
466
921
864
67
654
986
354
599
649
878
701
72
717
193
849
984
293
233
872
197
777
223
7
80
418
100
32
559
512
838
820
14
417
44
199
609
21
646
597
125
72
88
252
216
312
473
489
485
600
982
311
548
428
892
21
138
630
703
360
213
985
564
649
507
907
838
192
164
328
111
105
436
460
588
78
566
961
487
453
413
267
39
211
524
360
442
393
337
76
118
871
981
731
693
974
472
336
831
450
794
878
732
320
565
301
106
883
433
616
731
837
832
292
59
565
948
203
777
68
965
762
588
965
783
416
424
316
771
304
808
581
13
560
734
297
447
819
697
68
348
884
111
122
870
949
955
524
788
638
904
605
302
129
679
506
755
518
133
274
566
451
577
514
548
918
212
564
545
974
370
424
820
958
240
491
24
708
199
400
764
537
80
341
764
889
679
287
17
478
837
224
920
152
737
712
807
80
207
265
461
461
460
976
274
918
537
281
852
81
750
202
507
52
592
923
368
258
134
723
370
16
960
623
656
752
145
263
718
294
399
553
858
17
792
139
654
964
128
299
515
14
128
632
171
759
977
311
424
420
449
999
828
276
565
470
736
867
448
183
353
695
339
428
696
810
982
489
816
648
549
969
237
257
110
789
819
353
874
9
845
830
451
153
624
754
357
541
951
313
551
185
304
773
524
664
606
512
669
834
369
873
441
491
843
532
960
998
268
883
564
66
912
145
289
459
439
529
679
460
389
946
150
908
843
366
785
351
982
67
749
143
599
969
852
378
755
757
37
213
12
749
967
609
431
61
678
813
703
874
820
628
42
589
428
921
690
971
899
120
583
154
911
543
243
78
773
917
231
661
654
849
532
239
714
78
348
474
744
109
761
341
171
524
662
804
361
718
550
667
281
452
1
654
867
858
558
233
533
12
821
403
450
482
756
529
773
154
901
320
15
101
710
906
302
173
905
421
486
958
109
656
988
65
429
488
816
609
711
818
403
808
215
953
554
385
293
842
522
668
468
966
204
773
557
897
650
141
724
473
59
526
200
792
251
297
121
309
55
707
853
104
760
295
164
477
118
525
37
827
510
156
952
54
815
267
829
529
65
311
901
496
895
704
176
980
407
492
166
744
832
760
818
716
691
12
252
112
853
726
29
20
164
538
625
494
143
425
200
67
571
104
589
65
299
931
67
316
968
73
20
920
186
72
421
399
621
36
662
802
959
349
294
237
313
511
359
399
509
479
629
735
295
26
236
421
367
111
891
944
85
8
436
700
717
876
694
15
918
761
644
691
430
73
303
254
432
314
321
616
488
123
220
573
542
124
427
381
986
845
110
200
551
577
532
221
514
796
884
548
821
122
581
659
511
114
279
662
399
500
49
35
449
215
61
973
255
222
272
655
300
355
638
699
101
605
262
587
921
918
921
336
211
904
617
89
245
545
360
175
502
932
910
742
247
74
224
214
787
993
21
299
478
332
370
250
576
995
640
870
609
260
716
601
143
130
32
870
157
133
665
623
903
18
105
98
299
413
461
466
130
652
985
267
944
157
650
245
455
659
284
949
971
765
398
921
314
672
707
626
874
574
762
495
935
478
896
663
45
870
740
247
683
959
539
85
681
840
38
196
395
125
641
370
726
538
541
758
59
178
48
949
202
29
203
327
809
577
916
37
180
551
13
430
951
218
197
483
162
388
310
735
692
162
759
715
315
145
938
161
123
913
600
471
45
280
988
310
906
658
861
788
425
720
912
239
917
46
998
923
650
202
690
845
49
154
517
73
970
548
61
833
889
612
971
23
29
346
333
526
253
610
796
219
523
800
286
89
134
139
886
606
202
841
850
400
43
491
93
500
714
171
670
296
150
859
138
943
103
400
134
637
744
95
79
907
243
679
733
678
865
735
333
539
361
561
214
390
425
879
334
19
827
596
902
492
338
551
835
301
942
12
39
428
451
859
672
860
144
173
998
124
711
84
411
628
696
850
886
160
588
869
80
696
615
337
411
950
756
127
472
442
775
981
144
571
87
958
133
662
43
723
346
900
983
817
560
351
335
285
954
941
563
254
307
